---number
4590700672202124
9714943775627503
2943310272576349
5008655578794329
5115766325265445
0912201018057129
3716898793157389
1466758264883083
5715483710157438
3644670519664703
4261414837334913
0589645279581753
1243467362415941
8995824204005339
6699713152580357
3890536239073606
8084774426128578
0396175980481938
1677336104026981
1022996132652802
9141512459999631
5980921838242466
2196114978413380
7192264039827914
2982718721685901
5478242591563498
8153039721359899
0577677181616840
4074706788834344
0198994677297070
3124895725489830
6044286888098394
5597592649406985
8814835710639099
4990368696182611
0302813870320288
6085505852655905
2798154533395181
4304745785459154
3365153248627180
0700273326795602
9111635516519811
5235177133405620
1276853189960139
0285645343858101
5613489556728977
0588013290997637
2053502443362604
2930033604105422
5478243614884964
5281029231239385
0137802985442664
8868683245663373
8366644171793513
0940646039846152
5091862797211879
1548889611859365
6501014099224673
3212314930773513
7031295806247130
6620268426217047
3755528235439191
3352649310277155
0003832772122758
6525407318100027
0777489178299509
7749269492850721
1639873592395515
6419544338332608
8517920238433397
4777313038101976
1669452043049313
1102370771888262
7014321746063348
0774521298274929
8391411190631948
1692492739840190
2018796967533712
2924028991825493
5685739894710876
6095965128996604
7710266098081675
9246892742444531
7136143279889569
9541014110198227
9557553596924018
5529875464058413
4786973552389059
3885877519446058
7935990681686758
---sec_code
373
759
241
040
428
284
719
161
247
286
223
006
176
569
204
018
481
412
764
312
109
492
422
919
418
301
196
963
669
814
826
335
427
712
539
074
799
544
051
589
377
121
652
479
640
346
645
696
119
976
132
915
299
305
552
872
404
994
673
770
859
542
542
120
527
822
414
815
473
053
074
435
695
545
114
983
656
366
541
493
500
811
928
899
366
214
021
011
750
955
---exp_month
8
11
4
11
6
1
4
10
9
10
8
9
9
7
11
4
5
10
4
9
5
9
5
11
11
3
7
2
5
1
10
10
10
9
9
5
8
1
1
11
10
11
9
3
5
4
9
3
11
11
11
8
10
1
11
6
9
1
9
9
7
11
8
10
1
10
3
2
7
1
9
1
8
11
11
7
10
3
11
2
11
11
7
9
3
2
5
7
7
10
---exp_year
2019
2021
2016
2018
2017
2019
2020
2016
2019
2020
2021
2022
2018
2021
2017
2021
2019
2018
2021
2018
2020
2021
2022
2022
2022
2022
2017
2019
2022
2022
2022
2018
2018
2016
2019
2019
2021
2016
2016
2018
2017
2018
2019
2022
2016
2016
2017
2017
2018
2016
2018
2018
2018
2019
2018
2022
2019
2018
2016
2016
2022
2020
2020
2018
2022
2019
2017
2019
2022
2022
2019
2021
2016
2017
2020
2020
2020
2020
2016
2021
2016
2019
2017
2017
2021
2021
2016
2022
2021
2017